Eigvals	9
0.666659342495	0.582931228987	0.499091138392	0.48342408113	0.431516401419	0.376084433883	0.340812682604	0.315372106102	0.0

Proportion explained	9
0.180378498077	0.157724122148	0.135039448498	0.13080040154	0.116755703283	0.101757435934	0.0922139328065	0.0853304577134	0.0

Species	0	0

Site	9	9
PE6	-0.233089348993	0.286825819914	-0.118876892695	-0.0456371832504	-0.0161033388531	-0.149923079936	0.399666832704	-0.181615259429	-0.0
PE5	0.00646308812659	0.51885382007	-0.121589848945	-0.197907255918	-0.0155165620742	0.21779301725	-0.244250602763	0.0679325870942	-0.0
CL4	-0.301352166202	-0.244360538562	0.0386084800545	0.0123079831498	0.0375209925296	0.0630334398743	-0.238821162266	-0.383257156739	-0.0
MD4	0.409951589894	-0.13014518859	-0.141474143719	-0.00778773239072	-0.476204276334	-0.104563546099	-0.0266769575833	-0.0584449513153	-0.0
KP4	-0.248481784786	-0.266255304222	0.00225075307988	0.0388295408077	-0.130531210474	0.38246882927	0.178857621272	0.216933292331	-0.0
SV1	0.343870967811	-0.0713283127501	-0.306396107525	0.306112542922	0.364893750642	0.0604200348502	0.028772153734	-0.00711389729158	-0.0
SF1	0.222778972171	-0.20240370538	0.198838434414	-0.495487432192	0.228814748394	-0.0783815061676	0.0624031121889	0.0502369459906	-0.0
AR3	-0.327847203388	-0.0719578359021	-0.103255365089	0.082180856864	0.015193899752	-0.366901795515	-0.164145998771	0.278483659336	-0.0
LQ2	0.127705885366	0.180771245423	0.551894690425	0.307388680007	-0.00806800358303	-0.0239453935266	0.00419500148374	0.0168447800236	-0.0

Biplot	0	0

Site constraints	0	0
